{
 "cells": [
  {
   "cell_type": "markdown",
   "id": "4f19eba5-18bc-4f76-9795-7f5bafcc2ebf",
   "metadata": {},
   "source": [
    "## Exercises\n",
    "\n",
    "- Show (numerically) that the four filter matrices constitute a **unitary transformation**.\n",
    "- Use the dilation and translation relationships to obtain, for a given scaling/wavelet function, the corresponding function at the next **finer scale** (larger $n$).\n",
    "- Use the two-scale relationship to verify that the scaling function obtained by translation/dilation can also be obtained by linear transformation of the scaling&wavelet functions at the next **coarser scale** (smaller $n$)."
   ]
  },
  {
   "cell_type": "markdown",
   "id": "1f50f410-c4af-4514-8c1d-89b756151313",
   "metadata": {},
   "source": [
    "## Exercises\n",
    "\n",
    "- Show (numerically) that the four filter matrices constitute a **unitary transformation**.\n",
    "- Use the dilation and translation relationships to obtain, for a given scaling/wavelet function, the corresponding function at the next **finer scale** (larger $n$).\n",
    "- Use the two-scale relationship to verify that the scaling function obtained by translation/dilation can also be obtained by linear transformation of the scaling&wavelet functions at the next **coarser scale** (smaller $n$)."
   ]
  },
  {
   "cell_type": "code",
   "execution_count": 15,
   "id": "65abe220-3d2a-4853-bcbe-8580b7b5d32a",
   "metadata": {},
   "outputs": [
    {
     "name": "stdout",
     "output_type": "stream",
     "text": [
      "H0:\n",
      " [[ 7.07106781e-01  0.00000000e+00  4.88535468e-77  0.00000000e+00]\n",
      " [-6.12372436e-01  3.53553391e-01 -4.48460293e-77  2.23275976e-77]\n",
      " [ 9.16004002e-78 -6.84653197e-01  1.76776695e-01 -3.96935068e-77]\n",
      " [ 2.33853587e-01  4.05046294e-01 -5.22912517e-01  8.83883476e-02]]\n",
      "H1:\n",
      " [[-7.07106781e-01  0.00000000e+00 -4.88535468e-77  0.00000000e+00]\n",
      " [-6.12372436e-01 -3.53553391e-01 -4.48460293e-77 -2.23275976e-77]\n",
      " [-9.16004002e-78 -6.84653197e-01 -1.76776695e-01 -3.96935068e-77]\n",
      " [ 2.33853587e-01 -4.05046294e-01 -5.22912517e-01 -8.83883476e-02]]\n",
      "G0:\n",
      " [[ 6.54942862e-76 -1.53392998e-01 -5.94088526e-01  3.51467512e-01]\n",
      " [-1.54303350e-01 -2.67261242e-01 -1.72516390e-01  6.12372436e-01]\n",
      " [-1.98162199e-75 -8.78668779e-02 -3.40306955e-01 -6.13571991e-01]\n",
      " [ 2.15645487e-01  3.73508940e-01  4.43622131e-01  3.42326598e-01]]\n",
      "G1:\n",
      " [[-6.54942862e-76 -1.53392998e-01  5.94088526e-01  3.51467512e-01]\n",
      " [-1.54303350e-01  2.67261242e-01 -1.72516390e-01 -6.12372436e-01]\n",
      " [ 1.98162199e-75 -8.78668779e-02  3.40306955e-01 -6.13571991e-01]\n",
      " [ 2.15645487e-01 -3.73508940e-01  4.43622131e-01 -3.42326598e-01]]\n",
      "T = V0+W0<-V1 transform:\n",
      " [[ 7.07106781e-01  0.00000000e+00  4.88535468e-77  0.00000000e+00\n",
      "  -7.07106781e-01  0.00000000e+00 -4.88535468e-77  0.00000000e+00]\n",
      " [-6.12372436e-01  3.53553391e-01 -4.48460293e-77  2.23275976e-77\n",
      "  -6.12372436e-01 -3.53553391e-01 -4.48460293e-77 -2.23275976e-77]\n",
      " [ 9.16004002e-78 -6.84653197e-01  1.76776695e-01 -3.96935068e-77\n",
      "  -9.16004002e-78 -6.84653197e-01 -1.76776695e-01 -3.96935068e-77]\n",
      " [ 2.33853587e-01  4.05046294e-01 -5.22912517e-01  8.83883476e-02\n",
      "   2.33853587e-01 -4.05046294e-01 -5.22912517e-01 -8.83883476e-02]\n",
      " [ 6.54942862e-76 -1.53392998e-01 -5.94088526e-01  3.51467512e-01\n",
      "  -6.54942862e-76 -1.53392998e-01  5.94088526e-01  3.51467512e-01]\n",
      " [-1.54303350e-01 -2.67261242e-01 -1.72516390e-01  6.12372436e-01\n",
      "  -1.54303350e-01  2.67261242e-01 -1.72516390e-01 -6.12372436e-01]\n",
      " [-1.98162199e-75 -8.78668779e-02 -3.40306955e-01 -6.13571991e-01\n",
      "   1.98162199e-75 -8.78668779e-02  3.40306955e-01 -6.13571991e-01]\n",
      " [ 2.15645487e-01  3.73508940e-01  4.43622131e-01  3.42326598e-01\n",
      "   2.15645487e-01 -3.73508940e-01  4.43622131e-01 -3.42326598e-01]]\n",
      "T * T^t should be identity:\n",
      " [[ 1.00000000e+00 -1.63515442e-17  3.02265899e-77  9.70480673e-19\n",
      "   8.68182414e-76 -4.64418302e-18 -2.83568710e-75  1.31287507e-17]\n",
      " [-1.63515442e-17  1.00000000e+00 -1.04081566e-17  5.55111512e-17\n",
      "  -2.80397726e-18 -2.77555756e-17 -1.07833135e-18  5.55111512e-17]\n",
      " [ 3.02265899e-77 -1.04081566e-17  1.00000000e+00  2.33899970e-18\n",
      "   2.77555756e-17  6.01325788e-18 -2.77555756e-17 -8.19401542e-18]\n",
      " [ 9.70480673e-19  5.55111512e-17  2.33899970e-18  1.00000000e+00\n",
      "   1.45399518e-17  0.00000000e+00  6.10245300e-18  0.00000000e+00]\n",
      " [ 8.68182414e-76 -2.80397726e-18  2.77555756e-17  1.45399518e-17\n",
      "   1.00000000e+00 -1.44604411e-17  5.55111512e-17  1.21407361e-17]\n",
      " [-4.64418302e-18 -2.77555756e-17  6.01325788e-18  0.00000000e+00\n",
      "  -1.44604411e-17  1.00000000e+00 -2.89642348e-17 -5.55111512e-17]\n",
      " [-2.83568710e-75 -1.07833135e-18 -2.77555756e-17  6.10245300e-18\n",
      "   5.55111512e-17 -2.89642348e-17  1.00000000e+00 -5.07270954e-18]\n",
      " [ 1.31287507e-17  5.55111512e-17 -8.19401542e-18  0.00000000e+00\n",
      "   1.21407361e-17 -5.55111512e-17 -5.07270954e-18  1.00000000e+00]]\n"
     ]
    }
   ],
   "source": [
    "import sys, struct\n",
    "import numpy as np\n",
    "\n",
    "# Gets one of the four filter matrices\n",
    "# Basis: L (legendre) or I (interpolating)\n",
    "# Type: H or G\n",
    "# Flag: 0 or 1\n",
    "# n: from 1 to 11\n",
    "def getfilter(basis = \"L\", ftype = \"H\", flag = 0, n = 4):\n",
    "    order = n - 1\n",
    "    name = \"../mwfilters/\" + basis + \"_\" + ftype + \"0_\" + str(order)\n",
    "    filterFile = open(name, 'rb')\n",
    "    filterData = filterFile.read()\n",
    "    filterList = []\n",
    "    for i in range((n)*(n)):\n",
    "        rstart = i * 8\n",
    "        rend = (i + 1) * 8\n",
    "        filterList.append(struct.unpack_from(\"d\",filterData[rstart:rend]))\n",
    "    filterArray = np.array(filterList)\n",
    "    filterMatrix = np.ndarray((n, n),buffer=filterArray)\n",
    "    if (flag == 1):\n",
    "        if (ftype == \"G\" and n%2 != 0 ):\n",
    "            sign_np = -1\n",
    "        else:\n",
    "            sign_np = 1\n",
    "        for i in range(n):\n",
    "            for j in range(n):\n",
    "                sign_ij = 1\n",
    "                if (((i+j)%2) == 0):\n",
    "                    sign_ij = -1\n",
    "                sign = sign_ij * sign_np\n",
    "                filterMatrix[i,j] *= sign\n",
    "    return filterMatrix\n",
    "\n",
    "#filters for a third order (k+1=4) Legendre basis\n",
    "\n",
    "basis = \"L\" # alternative \"I\" for interpolating\n",
    "n = 4 # n = k+1  (avaliable up to k=10)\n",
    "H0 = getfilter(basis, \"H\", 0, n)\n",
    "H1 = getfilter(basis, \"H\", 1, n)\n",
    "G0 = getfilter(basis, \"G\", 0, n)\n",
    "G1 = getfilter(basis, \"G\", 1, n)\n",
    "print(\"H0:\\n\",H0)\n",
    "print(\"H1:\\n\",H1)\n",
    "print(\"G0:\\n\",G0)\n",
    "print(\"G1:\\n\",G1)\n",
    "\n",
    "T = np.ndarray((2*n,2*n))\n",
    "T[:n,:n]=H0\n",
    "T[:n,n:]=H1\n",
    "T[n:,:n]=G0\n",
    "T[n:,n:]=G1\n",
    "print(\"T = V0+W0<-V1 transform:\\n\",T)\n",
    "print(\"T * T^t should be identity:\\n\",np.einsum(\"ij,kj->ik\",T,T))"
   ]
  },
  {
   "cell_type": "code",
   "execution_count": 1,
   "id": "f7c1dceb-6afb-47fb-bd07-00bfe79aa1cb",
   "metadata": {},
   "outputs": [],
   "source": [
    "from vampyr import LegendreBasis, InterpolatingBasis\n",
    "import matplotlib.pyplot as plt\n",
    "import numpy as np\n",
    "\n",
    "# Create Legendre basis of order 4 and Interpolating basis of order 3\n",
    "legendre_4 = LegendreBasis(order=4)\n",
    "interpol_3 = InterpolatingBasis(order=3)"
   ]
  },
  {
   "cell_type": "code",
   "execution_count": null,
   "id": "34125515-e1a4-4d09-888c-62c9a55c9e49",
   "metadata": {},
   "outputs": [],
   "source": []
  }
 ],
 "metadata": {
  "kernelspec": {
   "display_name": "Python 3 (ipykernel)",
   "language": "python",
   "name": "python3"
  },
  "language_info": {
   "codemirror_mode": {
    "name": "ipython",
    "version": 3
   },
   "file_extension": ".py",
   "mimetype": "text/x-python",
   "name": "python",
   "nbconvert_exporter": "python",
   "pygments_lexer": "ipython3",
   "version": "3.10.11"
  }
 },
 "nbformat": 4,
 "nbformat_minor": 5
}
